

====================
FILE: 1-15Temmuz-FSM.pdf
====================
     
1,25
ARAÇ 
SINIF     ARAÇ TİPİ  KÖPRÜ GEÇİŞ ÜCRETİ ​(₺​) Mevcut Tarife ​(₺​)
 1  AKS ARALIĞI 3.20 m’DEN KÜÇÜK İKİ AKSLI ARAÇLAR  59,00 8,75
 2  AKS ARALIĞI 3.20 m VE 3.20 m.’DEN BÜYÜK UKOME KARARI 
GEREĞİNCE GEÇEBİLEN VE GEÇEMEYEN HER TÜRLÜ İKİ AKSLI 
ARAÇLAR 75,00 11,25
 3  3 AKSLI HER TÜRLÜ ARAÇLAR  168,00 24,5
 4  4 VE 5 AKSLI HER TÜRLÜ ARAÇLAR  333,00 49
 5  6 VE YUKARI AKSLI ARAÇLAR  440,00 65,25
 6  MOTOSİKLETLER  25,00 3,5
          (01/01/2026 Saat 00:00'dan itibaren geçerlidir.)
 - FSM ve 15 Temmuz Şehitler Köprülerinden Ukome Kararında izin verilen araçlar geçebilmektedir. Geçiş iznine sahip olmayan 
araçlar geçiş  ücretinin yanında cezalı geçiş ücretlerini de ödeyecektir.
 - Motosikletler KGM işletimindeki otoyollar ve  köprülerde 6. sınıf araç ücreti ödeyecektir.
 - Ukome Kararına göre;     Fatih Sultan Mehmet Köprüsü, 15 Temmuz Şehitler Köprüsü ve Yavuz Sultan Selim Köprüsünü 
kullanabilecek araçlar aşağıdadır.
 - Yavuz Sultan Selim Köprüsünü ise bütün araç sınıfları kullanabilecektir. Ancak Özel Yük Taşıyan Araçlar ile Kimyasal ve Tehlikeli 
Madde Taşıyan araçlar için bazı kriterler doğrultusunda izinler verilmektedir. - 01.01.2022 tarihinden itibaren  FSM ve 15 Temmuz Şehitler Köprülerinden iki yönlü ücret alınmaktadır.15 TEMMUZ ŞEHİTLER KÖPRÜSÜ VE FATİH SULTAN MEHMET KÖPRÜSÜ GEÇİŞ 
ÜCRETLERİ  TARİFESİ
          
 - 15 Temmuz Şehitler Köprüsünü; 1. sınıf araçlar, Tüm  servis araçları, (Turizm,  Personel, Okul vb.) Toplu Taşıma Araçları, (IETT 
ve Halk Otobüsü, Otobüs A.Ş. vb. Taksi dolmuş) ve  N1 Sınıfı  acil yardım ambulansı ve Acil Sağlık Araçları kullanabileceklerdir. 
 - Fatih Sultan Mehmet Köprüsünü; 1. sınıf araçlar, 2. sınıf araçlar (Kamyon ve Otobüsler hariç), Tüm servis araçları (Turizm, 
Personel, Okul vb.), Karavanlar, Toplu Taşıma Araçları (IETT ve Halk Otobüsü, Otobüs A.Ş.  vb. Taksi dolmuş) ve KGM'den izinli 
kamu  kurum ve kuruluşlarının resmi plakalı hizmet araçları kullanabileceklerdir.
 - Köprüleri kullanımına izin verilen araçların dışındaki  2. 3. 4. ve 5. sınıf araçlar ile Kimyasal ve Tehlikeli Madde Taşıyan araçların 
zorunlu olarak Yavuz Sultan Selim Köprüsünü kullanması gerekmektedir.NOT : Ücretlere KDV Dahildir.


====================
FILE: 11-AvrupaOtoyoluMahmutbey-Edirne.pdf
====================
AVRUPA OTOYOLU (MAHMUTBEY-EDİRNE KESİMİ) 1,2549
İSTASYON SINIF MAHMUTBEY ISPARTAKULE AVCILAR ESENYURT HADIMKÖY ÇATALCA K.BURGAZ SELİMPAŞA SİLİVRİ KINALI KÜÇÜKKILIÇLI ÇERKEZKÖY ÇORLU SARAY LÜLEBURGAZ BABAESKİ HAVSA EDİRNE
MAHMUTBEY
1 168,00
2 193,00
3 256,00
4 338,00
5 378,00
6 69,00
ISPARTAKULE 8,100 km
1 49,00 168,00
2 56,00 193,00
3 69,00 256,00
4 115,00 317,00
5 148,00 378,00
6 20,00 69,00
AVCILAR 11,400 km 3,600 km
1 49,00 40,00 168,00
2 56,00 45,00 193,00
3 65,00 56,00 256,00
4 115,00 73,00 317,00
5 148,00 115,00 378,00
6 20,00 15,00 69,00
ESENYURT 13,700 km 5,600 km 2,000 km
1 49,00 40,00 40,00 168,00
2 56,00 45,00 45,00 193,00
3 65,00 56,00 56,00 256,00
4 115,00 73,00 73,00 317,00
5 148,00 115,00 115,00 378,00
6 20,00 15,00 15,00 69,00
HADIMKÖY 17,400 km 9,600 km 6,000 km 4,000 km
1 49,00 40,00 40,00 40,00 168,00
2 56,00 45,00 45,00 45,00 193,00
3 65,00 56,00 56,00 56,00 256,00
4 115,00 73,00 73,00 73,00 317,00
5 148,00 115,00 115,00 115,00 338,00
6 20,00 15,00 15,00 15,00 69,00
ÇATALCA 29,500 km 21,700 km 18,100 km 16,100 km 12,100 km
1 49,00 49,00 49,00 49,00 49,00 168,00
2 56,00 56,00 56,00 56,00 56,00 193,00
3 65,00 65,00 65,00 65,00 65,00 256,00
4 115,00 115,00 115,00 115,00 115,00 317,00
5 148,00 148,00 148,00 148,00 148,00 338,00
6 20,00 20,00 20,00 20,00 20,00 69,00
K.BURGAZ 35,400 km 27,600 km 24,000 km 22,000 km 18,000 km 5,900 km
1 59,00 49,00 49,00 49,00 49,00 40,00 168,00
2 69,00 56,00 56,00 56,00 56,00 45,00 193,00
3 82,00 65,00 65,00 65,00 65,00 56,00 256,00
4 115,00 115,00 115,00 115,00 115,00 73,00 317,00
5 148,00 148,00 148,00 148,00 148,00 115,00 338,00
6 20,00 20,00 20,00 20,00 20,00 15,00 69,00
SELİMPAŞA 42,900 km 35,100 km 31,500 km 29,500 km 25,500 km 13,400 km 7,500 km
1 73,00 59,00 59,00 49,00 49,00 40,00 40,00 134,00
2 82,00 69,00 69,00 56,00 56,00 45,00 45,00 156,00
3 115,00 82,00 82,00 65,00 65,00 65,00 56,00 193,00
4 148,00 115,00 115,00 115,00 115,00 102,00 73,00 269,00
5 168,00 148,00 148,00 148,00 148,00 115,00 115,00 338,00
6 33,00 20,00 20,00 20,00 20,00 15,00 15,00 53,00
SİLİVRİ 55,000 km 47,200 km 43,600 km 41,600 km 37,600 km 25,500 km 19,600 km 12,100 km
1 73,00 73,00 73,00 73,00 59,00 49,00 40,00 40,00 134,00
2 82,00 82,00 82,00 82,00 69,00 56,00 45,00 45,00 156,00
3 115,00 115,00 115,00 115,00 82,00 65,00 65,00 65,00 193,00
4 148,00 148,00 148,00 148,00 115,00 115,00 102,00 102,00 269,00
5 168,00 168,00 168,00 168,00 148,00 148,00 115,00 115,00 338,00
6 33,00 33,00 33,00 33,00 20,00 20,00 15,00 15,00 53,00
KINALI 62,000 km 54,200 km 50,600 km 48,600 km 44,600 km 32,500 km 26,600 km 19,100 km 7,000 km
1 73,00 73,00 73,00 73,00 73,00 59,00 49,00 40,00 40,00 134,00
2 82,00 82,00 82,00 82,00 82,00 69,00 56,00 45,00 45,00 156,00
3 148,00 115,00 115,00 115,00 115,00 82,00 65,00 65,00 56,00 193,00
4 168,00 148,00 148,00 148,00 148,00 115,00 115,00 102,00 73,00 256,00
5 193,00 168,00 168,00 168,00 168,00 148,00 148,00 115,00 115,00 317,00
6 33,00 33,00 33,00 33,00 33,00 20,00 20,00 15,00 15,00 53,00
KÜÇÜKILIÇLI 62,000 km 54,200 km 50,600 km 48,600 km 44,600 km 32,500 km 26,600 km 19,100 km 7,000 km 0,000 km
1 73,00 73,00 73,00 73,00 73,00 59,00 49,00 40,00 40,00 0,00 134,00
2 82,00 82,00 82,00 82,00 82,00 69,00 56,00 45,00 45,00 0,00 156,00
3 148,00 115,00 115,00 115,00 115,00 82,00 65,00 65,00 56,00 0,00 193,00
4 168,00 148,00 148,00 148,00 148,00 115,00 115,00 102,00 73,00 0,00 256,00
5 193,00 168,00 168,00 168,00 168,00 148,00 148,00 115,00 115,00 0,00 317,00
6 33,00 33,00 33,00 33,00 33,00 20,00 20,00 15,00 15,00 0,00 53,00
ÇERKEZKÖY 74,300 km 66,500 km 62,900 km 69,100 km 56,900 km 44,800 km 38,900 km 31,400 km 19,300 km 12,300 km 12,300 km
1 73,00 73,00 73,00 73,00 73,00 73,00 59,00 59,00 40,00 40,00 40,00 134,00
2 82,00 82,00 82,00 82,00 82,00 82,00 69,00 69,00 45,00 45,00 45,00 156,00
3 148,00 148,00 148,00 148,00 115,00 115,00 82,00 82,00 65,00 65,00 65,00 193,00
4 168,00 168,00 168,00 168,00 148,00 148,00 115,00 115,00 102,00 102,00 102,00 256,00
5 193,00 193,00 193,00 193,00 168,00 168,00 148,00 148,00 115,00 115,00 115,00 317,00
6 33,00 33,00 33,00 33,00 33,00 33,00 33,00 33,00 15,00 15,00 15,00 53,00
ÇORLU 92,300 km 84,500 km 80,900 km 78,900 km 74,900 km 62,800 km 56,900 km 49,400 km 37,300 km 30,300 km 30,300 km 18,000 km
1 73,00 73,00 73,00 73,00 73,00 73,00 59,00 59,00 59,00 59,00 59,00 40,00 115,00
2 82,00 82,00 82,00 82,00 82,00 82,00 73,00 73,00 69,00 69,00 69,00 45,00 128,00
3 168,00 148,00 148,00 148,00 148,00 148,00 115,00 115,00 82,00 82,00 82,00 65,00 168,00
4 193,00 168,00 168,00 168,00 168,00 168,00 148,00 148,00 115,00 115,00 115,00 102,00 193,00
5 256,00 193,00 193,00 193,00 193,00 193,00 168,00 168,00 148,00 148,00 148,00 115,00 269,00
6 33,00 33,00 33,00 33,00 33,00 33,00 20,00 20,00 33,00 33,00 33,00 15,00 45,00
SARAY 112,300 km 104,500 km 100,900 km 98,900 km 94,900 km 82,800 km 76,900 km 69,400 km 57,300 km 50,300 km 50,300 km 38,000 km 20,000 km
1 73,00 73,00 73,00 73,00 73,00 73,00 73,00 73,00 73,00 73,00 73,00 59,00 40,00 73,00
2 82,00 82,00 82,00 82,00 82,00 82,00 82,00 82,00 82,00 82,00 82,00 69,00 45,00 82,00
3 168,00 168,00 168,00 168,00 168,00 148,00 148,00 148,00 115,00 115,00 115,00 82,00 65,00 168,00
4 193,00 193,00 193,00 193,00 193,00 168,00 168,00 168,00 148,00 148,00 148,00 115,00 102,00 193,00
5 269,00 256,00 256,00 256,00 256,00 193,00 193,00 193,00 168,00 168,00 168,00 148,00 115,00 269,00
6 33,00 33,00 33,00 33,00 33,00 33,00 33,00 33,00 33,00 33,00 33,00 33,00 15,00 33,00
LÜLEBURGAZ 141,100 km 133,300 km 129,700 km 127,700 km 123,700 km 111,600 km 105,700 km 98,200 km 86,100 km 79,100 km 79,100 km 66,800 km 48,800 km 28,800 km
1 134,00 134,00 134,00 134,00 115,00 115,00 115,00 73,00 73,00 73,00 73,00 73,00 59,00 40,00 134,00
2 156,00 156,00 156,00 156,00 128,00 128,00 128,00 82,00 82,00 82,00 82,00 82,00 69,00 45,00 156,00
3 193,00 193,00 193,00 193,00 168,00 168,00 168,00 168,00 168,00 148,00 148,00 148,00 115,00 65,00 193,00
4 256,00 256,00 256,00 256,00 193,00 193,00 193,00 193,00 193,00 168,00 168,00 168,00 148,00 115,00 256,00
5 317,00 317,00 317,00 317,00 269,00 269,00 269,00 256,00 256,00 193,00 193,00 193,00 168,00 148,00 317,00
6 53,00 53,00 53,00 53,00 45,00 45,00 45,00 33,00 33,00 33,00 33,00 33,00 20,00 15,00 53,00
BABAESKİ 165,500 km 157,700 km 154,100 km 152,100 km 148,100 km 136,000 km 130,100 km 122,600 km 110,500 km 103,500 km 103,500 km 91,200 km 73,200 km 53,200 km 24,400 km
1 134,00 134,00 134,00 134,00 134,00 134,00 134,00 115,00 115,00 115,00 115,00 73,00 73,00 73,00 40,00 134,00
2 156,00 156,00 156,00 156,00 156,00 156,00 156,00 128,00 128,00 128,00 128,00 82,00 82,00 82,00 45,00 156,00
3 193,00 193,00 193,00 193,00 193,00 193,00 193,00 168,00 168,00 168,00 168,00 168,00 148,00 115,00 65,00 193,00
4 269,00 269,00 269,00 269,00 256,00 256,00 256,00 193,00 193,00 193,00 193,00 193,00 168,00 148,00 115,00 269,00
5 338,00 338,00 338,00 338,00 317,00 317,00 317,00 269,00 269,00 269,00 269,00 256,00 193,00 168,00 148,00 338,00
6 53,00 53,00 53,00 53,00 53,00 53,00 53,00 45,00 45,00 45,00 45,00 33,00 33,00 20,00 15,00 53,00
HAVSA 192,700 km 184,900 km 181,300 km 179,300 km 175,300 km 163,200 km 157,300 km 149,800 km 137,700 km 130,700 km 130,700 km 118,400 km 100,400 km 80,400 km 51,600 km 27,200 km
1 168,00 168,00 168,00 168,00 134,00 134,00 134,00 134,00 134,00 134,00 134,00 115,00 73,00 73,00 59,00 40,00 168,00
2 193,00 193,00 193,00 193,00 156,00 156,00 156,00 156,00 156,00 156,00 156,00 128,00 82,00 82,00 69,00 45,00 193,00
3 256,00 256,00 256,00 256,00 193,00 193,00 193,00 193,00 193,00 193,00 193,00 168,00 168,00 148,00 115,00 65,00 256,00
4 317,00 317,00 317,00 317,00 269,00 269,00 269,00 256,00 256,00 256,00 256,00 193,00 193,00 168,00 148,00 115,00 317,00
5 378,00 378,00 378,00 378,00 338,00 338,00 338,00 317,00 317,00 317,00 317,00 269,00 256,00 193,00 168,00 148,00 378,00
6 69,00 69,00 69,00 69,00 53,00 53,00 53,00 53,00 53,00 53,00 53,00 45,00 33,00 33,00 20,00 15,00 69,00
EDİRNE 211,900 km 204,100 km 200,500 km 198,500 km 194,500 km 182,400 km 176,500 km 169,000 km 156,900 km 149,900 km 149,900 km 137,600 km 119,600 km 99,600 km 70,800 km 46,400 km 19,200 km
1 168,00 168,00 168,00 168,00 168,00 168,00 168,00 134,00 134,00 134,00 134,00 134,00 115,00 73,00 73,00 59,00 40,00 168,00
2 193,00 193,00 193,00 193,00 193,00 193,00 193,00 156,00 156,00 156,00 156,00 156,00 128,00 82,00 82,00 69,00 45,00 193,00
3 256,00 256,00 256,00 256,00 256,00 256,00 256,00 193,00 193,00 193,00 193,00 193,00 168,00 168,00 148,00 115,00 65,00 256,00
4 338,00 317,00 317,00 317,00 317,00 317,00 317,00 269,00 269,00 256,00 256,00 256,00 193,00 193,00 168,00 148,00 102,00 338,00
5 378,00 378,00 378,00 378,00 338,00 338,00 338,00 338,00 338,00 317,00 317,00 317,00 269,00 256,00 193,00 168,00 115,00 378,00
6 69,00 69,00 69,00 69,00 69,00 69,00 69,00 53,00 53,00 53,00 53,00 53,00 45,00 33,00 33,00 20,00 15,00 69,00
Not: Ücretlere KDV dahildir. 
01/01/2026 Saat 00:00'dan itibaren geçerlidir.


====================
FILE: 13-YSSKuzeyCevreYolu.pdf
====================
Fenertepe Işıklar Ağaçlı Odayeri Uskumruköy Riva Hüseyinli Reşadiye Alemdağ Paşaköy Mecidiye Kurnaköy
1 510,00 90,00 90,00 100,00 190,00 345,00 410,00 460,00 460,00 460,00 510,00 510,00
2 795,00 140,00 140,00 140,00 265,00 490,00 600,00 740,00 700,00 700,00 795,00 795,00
3 1030,00 165,00 165,00 165,00 315,00 685,00 810,00 955,00 915,00 915,00 1030,00 1000,00
4 1650,00 190,00 220,00 220,00 415,00 1170,00 1360,00 1540,00 1485,00 1525,00 1650,00 1625,00
5 2060,00 250,00 250,00 265,00 535,00 1480,00 1685,00 1940,00 1890,00 1895,00 2060,00 2040,00
6 360,00 55,00 55,00 90,00 140,00 230,00 285,00 330,00 315,00 330,00 360,00 360,00
1 90,00 460,00 55,00 55,00 140,00 315,00 360,00 445,00 410,00 445,00 460,00 460,00
2 140,00 740,00 90,00 90,00 220,00 440,00 540,00 695,00 635,00 660,00 740,00 740,00
3 165,00 955,00 90,00 100,00 265,00 600,00 745,00 870,00 850,00 870,00 955,00 955,00
4 190,00 1540,00 100,00 140,00 350,00 1105,00 1265,00 1435,00 1390,00 1435,00 1540,00 1540,00
5 250,00 1950,00 140,00 165,00 415,00 1375,00 1580,00 1825,00 1750,00 1795,00 1950,00 1940,00
6 55,00 330,00 40,00 55,00 100,00 205,00 255,00 315,00 285,00 315,00 330,00 330,00
1 90,00 55,00 460,00 40,00 100,00 285,00 345,00 410,00 390,00 410,00 460,00 445,00
2 140,00 90,00 700,00 55,00 190,00 420,00 535,00 635,00 600,00 635,00 700,00 695,00
3 165,00 90,00 915,00 55,00 220,00 550,00 685,00 850,00 805,00 810,00 915,00 905,00
4 220,00 100,00 1485,00 55,00 265,00 1045,00 1210,00 1390,00 1335,00 1360,00 1485,00 1480,00
5 250,00 140,00 1890,00 90,00 350,00 1310,00 1505,00 1750,00 1670,00 1725,00 1890,00 1850,00
6 55,00 40,00 315,00 40,00 90,00 205,00 230,00 285,00 285,00 285,00 315,00 315,00
1 100,00 55,00 40,00 460,00 140,00 285,00 345,00 410,00 390,00 410,00 460,00 445,00
2 140,00 90,00 55,00 700,00 190,00 420,00 535,00 635,00 600,00 635,00 700,00 695,00
3 165,00 100,00 55,00 915,00 220,00 585,00 710,00 850,00 805,00 810,00 915,00 905,00
4 220,00 140,00 55,00 1485,00 295,00 1045,00 1210,00 1390,00 1335,00 1390,00 1485,00 1485,00
5 265,00 165,00 90,00 1890,00 365,00 1310,00 1505,00 1750,00 1685,00 1750,00 1890,00 1890,00
6 90,00 55,00 40,00 330,00 90,00 205,00 230,00 285,00 285,00 285,00 330,00 315,00
1 190,00 140,00 100,00 140,00 390,00 195,00 260,00 345,00 315,00 345,00 390,00 360,00
2 265,00 220,00 190,00 190,00 575,00 290,00 390,00 535,00 475,00 490,00 575,00 575,00
3 315,00 265,00 220,00 220,00 770,00 425,00 550,00 685,00 650,00 685,00 770,00 770,00
4 415,00 350,00 265,00 295,00 1315,00 845,00 1010,00 1210,00 1165,00 1170,00 1315,00 1275,00
5 535,00 415,00 350,00 365,00 1630,00 1055,00 1275,00 1480,00 1420,00 1480,00 1630,00 1625,00
6 140,00 100,00 90,00 90,00 255,00 155,00 165,00 230,00 230,00 230,00 255,00 255,00
1 345,00 315,00 285,00 285,00 195,00 345,00 100,00 165,00 165,00 165,00 220,00 220,00
2 490,00 440,00 420,00 420,00 290,00 490,00 140,00 265,00 250,00 250,00 315,00 315,00
3 685,00 600,00 550,00 585,00 425,00 685,00 165,00 315,00 265,00 295,00 410,00 365,00
4 1170,00 1105,00 1045,00 1045,00 845,00 1170,00 220,00 410,00 350,00 365,00 510,00 475,00
5 1480,00 1375,00 1310,00 1310,00 1055,00 1480,00 265,00 510,00 450,00 475,00 635,00 615,00
6 230,00 205,00 205,00 205,00 155,00 230,00 90,00 140,00 100,00 100,00 165,00 140,00
1 410,00 360,00 345,00 345,00 260,00 100,00 410,00 100,00 90,00 100,00 140,00 140,00
2 600,00 540,00 535,00 535,00 390,00 140,00 600,00 165,00 140,00 140,00 220,00 220,00
3 810,00 745,00 685,00 710,00 550,00 165,00 810,00 190,00 165,00 165,00 265,00 250,00
4 1360,00 1265,00 1210,00 1210,00 1010,00 220,00 1360,00 250,00 190,00 220,00 350,00 315,00
5 1685,00 1580,00 1505,00 1505,00 1275,00 265,00 1685,00 295,00 250,00 265,00 415,00 410,00
6 285,00 255,00 230,00 230,00 165,00 90,00 285,00 90,00 55,00 90,00 100,00 100,00
1 460,00 445,00 410,00 410,00 345,00 165,00 100,00 460,00 90,00 90,00 140,00 140,00
2 740,00 695,00 635,00 635,00 535,00 265,00 165,00 740,00 100,00 140,00 220,00 190,00
3 955,00 870,00 850,00 850,00 685,00 315,00 190,00 955,00 140,00 165,00 250,00 250,00
4 1540,00 1435,00 1390,00 1390,00 1210,00 410,00 250,00 1540,00 165,00 190,00 315,00 295,00
5 1940,00 1825,00 1750,00 1750,00 1480,00 510,00 295,00 1940,00 220,00 250,00 410,00 365,00
6 330,00 315,00 285,00 285,00 230,00 140,00 90,00 330,00 55,00 55,00 100,00 90,00
1 460,00 410,00 390,00 390,00 315,00 165,00 90,00 90,00 460,00 40,00 90,00 90,00
2 700,00 635,00 600,00 600,00 475,00 250,00 140,00 100,00 700,00 55,00 140,00 140,00
3 915,00 850,00 805,00 805,00 650,00 265,00 165,00 140,00 915,00 55,00 165,00 140,00
4 1485,00 1390,00 1335,00 1335,00 1165,00 350,00 190,00 165,00 1485,00 90,00 220,00 190,00
5 1890,00 1750,00 1670,00 1685,00 1420,00 450,00 250,00 220,00 1890,00 100,00 265,00 250,00
6 315,00 285,00 285,00 285,00 230,00 100,00 55,00 55,00 315,00 40,00 55,00 55,00
1 460,00 445,00 410,00 410,00 345,00 165,00 100,00 90,00 40,00 460,00 90,00 90,00
2 700,00 660,00 635,00 635,00 490,00 250,00 140,00 140,00 55,00 700,00 100,00 100,00
3 915,00 870,00 810,00 810,00 685,00 295,00 165,00 165,00 55,00 915,00 140,00 140,00
4 1525,00 1435,00 1360,00 1390,00 1170,00 365,00 220,00 190,00 90,00 1525,00 190,00 165,00
5 1895,00 1795,00 1725,00 1750,00 1480,00 475,00 265,00 250,00 100,00 1895,00 220,00 190,00
6 330,00 315,00 285,00 285,00 230,00 100,00 90,00 55,00 40,00 330,00 55,00 55,00
1 510,00 460,00 460,00 460,00 390,00 220,00 140,00 140,00 90,00 90,00 510,00 40,00
2 795,00 740,00 700,00 700,00 575,00 315,00 220,00 220,00 140,00 100,00 795,00 55,00
3 1030,00 955,00 915,00 915,00 770,00 410,00 265,00 250,00 165,00 140,00 1030,00 55,00
4 1650,00 1540,00 1485,00 1485,00 1315,00 510,00 350,00 315,00 220,00 190,00 1650,00 90,00
5 2060,00 1950,00 1890,00 1890,00 1630,00 635,00 415,00 410,00 265,00 220,00 2060,00 90,00
6 360,00 330,00 315,00 330,00 255,00 165,00 100,00 100,00 55,00 55,00 360,00 40,00
1 510,00 460,00 445,00 445,00 360,00 220,00 140,00 140,00 90,00 90,00 40,00 510,00
2 795,00 740,00 695,00 695,00 575,00 315,00 220,00 190,00 140,00 100,00 55,00 795,00
3 1000,00 955,00 905,00 905,00 770,00 365,00 250,00 250,00 140,00 140,00 55,00 1000,00
4 1625,00 1540,00 1480,00 1485,00 1275,00 475,00 315,00 295,00 190,00 165,00 90,00 1625,00
5 2040,00 1940,00 1850,00 1890,00 1625,00 615,00 410,00 365,00 250,00 190,00 90,00 2040,00
6 360,00 330,00 315,00 315,00 255,00 140,00 100,00 90,00 55,00 55,00 40,00 360,00
ACIKLAMALAR:
* Köprü Geçiş Ücreti İçermektedir.
* Ücretlere KDV dahildir.
Ücretler 01/01/2026 saat 00:00 'dan itibaren geçerlidir.
Serbest Geçiş Sistemi Alanı Ücretlendirme Tablosu
İstasyon Yön 1 2 3 4 5 6
İstoç Güney - Kuzey 14,00 22,00 25,00 35,00 41,50 10,00
İkitelli Güney - Kuzey 14,00 25,00 26,50 36,50 47,50 10,00
Başakşehir 
GüneyGüney - Kuzey 16,50 26,50 35,00 41,50 53,50 14,00
Başakşehir Güney - Kuzey 22,00 35,00 41,00 53,50 67,00 16,50
Fenertepe Güney - Kuzey 35,00 51,00 61,50 83,00 103,00 25,00
Çekmeköy Güney - Kuzey 16,50 26,50 29,50 41,00 51,00 10,00
Çamlık Güney - Kuzey 41,50 68,00 83,00 108,50 137,50 29,50
Sarıgazi Güney - Kuzey 14,00 25,00 26,50 35,00 41,50 10,00
Kömürlük Güney - Kuzey 61,50 98,50 120,00 156,00 195,00 41,50
İstoç Kuzey - Güney 14,00 22,00 25,00 35,00 41,50 10,00
İkitelli Kuzey - Güney 0 0 0 0 0 0
Başakşehir 
GüneyKuzey - Güney 30,50 51,50 61,50 78,00 101,00 24,00
Başakşehir Kuzey - Güney 22,00 35,00 41,00 53,50 67,00 16,50
Fenertepe Kuzey - Güney 35,00 51,00 61,50 83,00 103,00 25,00
Çekmeköy Kuzey - Güney 16,50 26,50 29,50 41,00 51,00 10,00
Çamlık Kuzey - Güney 41,50 68,00 83,00 108,50 137,50 29,50
Sarıgazi Kuzey - Güney 14,00 25,00 26,50 35,00 41,50 10,00
Kömürlük Kuzey - Güney 61,50 98,50 120,00 156,00 195,00 41,50
* Ücretlere KDV dahildir.YAVUZ SULTAN SELİM KÖPRÜSÜ VE KUZEY ÇEVRE OTOYOLU
2026 YILI ÜCRET TARİFESİ
İSTASYON SINIFÇIKIŞ GİŞELERİGİRİŞ GİŞELERİFenertepe
Işıklar
Ağaçlı
Odayeri
Uskumruköy
Kurnaköy
* 01.01.2022 tarihinden itibaren YSS Köprüsünden iki yönlü ücret alınmaktadır.
* İkitelli Kavşağı'nda (Kuzey - Güney) yönünde çıkış bulunmadığı için, bu kısma ait ücretlendirme, Başakşehir Güney (Kuzey - Güney) istasyonunda yapılmaktadır. Riva
Hüseyinli
Reşadiye
Alemdağ
Paşaköy
Mecidiye


====================
FILE: 14-KMOAvrupaKinali-Odayeri.pdf
====================
KINALI SİLİVRİ ÇATALCA NAKKAŞ YASSIÖREN TAYAKADIN FATİH
1 220,00 55,00 140,00 165,00 190,00 220,00 220,00
2 350,00 100,00 190,00 250,00 265,00 315,00 350,00
3 410,00 100,00 220,00 265,00 315,00 410,00 415,00
4 535,00 140,00 295,00 365,00 415,00 510,00 535,00
5 670,00 190,00 365,00 450,00 570,00 635,00 680,00
6 165,00 55,00 90,00 100,00 140,00 165,00 165,00
1 90,00 190,00 90,00 100,00 140,00 165,00 190,00
2 100,00 295,00 140,00 190,00 220,00 265,00 295,00
3 140,00 350,00 165,00 220,00 265,00 315,00 350,00
4 165,00 450,00 190,00 265,00 350,00 415,00 450,00
5 190,00 570,00 250,00 350,00 415,00 535,00 570,00
6 55,00 140,00 55,00 90,00 100,00 140,00 140,00
1 140,00 100,00 140,00 55,00 90,00 100,00 140,00
2 190,00 140,00 190,00 90,00 100,00 165,00 190,00
3 250,00 165,00 220,00 90,00 140,00 190,00 220,00
4 295,00 220,00 295,00 100,00 190,00 250,00 295,00
5 365,00 265,00 365,00 140,00 220,00 315,00 350,00
6 100,00 90,00 90,00 55,00 55,00 90,00 90,00
1 165,00 100,00 55,00 165,00 55,00 90,00 100,00
2 250,00 190,00 90,00 250,00 90,00 140,00 165,00
3 265,00 220,00 90,00 265,00 100,00 165,00 190,00
4 365,00 265,00 100,00 365,00 140,00 190,00 220,00
5 450,00 350,00 140,00 450,00 165,00 250,00 295,00
6 100,00 90,00 55,00 100,00 55,00 55,00 90,00
1 190,00 140,00 90,00 55,00 190,00 55,00 90,00
2 265,00 220,00 100,00 90,00 265,00 90,00 100,00
3 315,00 265,00 140,00 90,00 315,00 100,00 140,00
4 415,00 350,00 190,00 100,00 415,00 140,00 165,00
5 535,00 415,00 220,00 140,00 570,00 165,00 220,00
6 140,00 100,00 55,00 55,00 140,00 55,00 55,00
1 220,00 165,00 100,00 90,00 55,00 220,00 55,00
2 315,00 265,00 165,00 140,00 90,00 315,00 55,00
3 410,00 315,00 190,00 165,00 100,00 410,00 90,00
4 510,00 415,00 250,00 190,00 140,00 510,00 90,00
5 635,00 535,00 315,00 250,00 165,00 635,00 100,00
6 165,00 140,00 90,00 55,00 55,00 165,00 40,00
1 220,00 190,00 140,00 100,00 90,00 55,00 220,00
2 350,00 295,00 190,00 165,00 100,00 55,00 350,00
3 410,00 350,00 220,00 190,00 140,00 55,00 415,00
4 535,00 450,00 295,00 220,00 165,00 90,00 535,00
5 670,00 570,00 365,00 295,00 190,00 100,00 680,00
6 165,00 140,00 90,00 90,00 55,00 40,00 165,00
Ücretler 01/01/2026 saat 00:00 'dan itibaren geçerlidir.
Yön 1 2 3 4 5 6
KUZEY-GÜNEY 16,50 TL 25,00 TL 29,50 TL 41,00 TL 51,00 TL 10,00 TL
KUZEY-GÜNEY 10,00 TL 16,50 TL 22,00 TL 26,50 TL 35,00 TL 9,00 TL
KUZEY-GÜNEY 10,00 TL 16,50 TL 22,00 TL 26,50 TL 35,00 TL 9,00 TL
KUZEY-GÜNEY 10,00 TL 16,50 TL 22,00 TL 26,50 TL 35,00 TL 9,00 TL
KUZEY-GÜNEY 9,00 TL 10,00 TL 10,00 TL 16,50 TL 22,00 TL 4,00 TL
KUZEY-GÜNEY 35,00 TL 51,00 TL 61,50 TL 83,00 TL 105,50 TL 25,00 TL
GÜNEY-KUZEY 16,50 TL 25,00 TL 29,50 TL 41,00 TL 51,00 TL 10,00 TL
GÜNEY-KUZEY 9,00 TL 14,00 TL 14,00 TL 22,00 TL 25,00 TL 9,00 TL
GÜNEY-KUZEY 9,00 TL 10,00 TL 14,00 TL 16,50 TL 25,00 TL 9,00 TL
GÜNEY-KUZEY 10,00 TL 16,50 TL 16,50 TL 25,00 TL 29,50 TL 9,00 TL
GÜNEY-KUZEY 9,00 TL 14,00 TL 14,00 TL 22,00 TL 25,00 TL 9,00 TL
GÜNEY-KUZEY 35,00 TL 53,50 TL 63,50 TL 84,00 TL 105,50 TL 25,00 TL
KUZEY-GÜNEY 9,00 TL 10,00 TL 10,00 TL 14,00 TL 16,50 TL 4,00 TL
KUZEY-GÜNEY 9,00 TL 10,00 TL 10,00 TL 14,00 TL 16,50 TL 4,00 TL
GÜNEY-KUZEY 9,00 TL 10,00 TL 10,00 TL 14,00 TL 22,00 TL 4,00 TL
*KDV dahildir.
Ücretler 01/01/2026 saat 00:00 'dan itibaren geçerlidir.KUZEY MARMARA AVRUPA OTOYOLU (KINALI - ODAYERİ) 
2026 YILI ÜCRET TARİFESİ
İSTASYON SINIFÇIKIŞ GİŞELERİGİRİŞ GİŞELERİKINALI
 (G11)
SİLİVRİ
(G12)
ÇATALCA
(G13)
NAKKAŞ
(G14)
YASSIÖREN
(G21)
21 (TERMİNAL A)TAYAKADIN
(G22)
FATİH                                                                                                                                                                                                                                                                                                                                                                                                                                                                                                                                          
(G23)
*KDV dahildir.
         SGS
22 (TERMİNAL 2 YANYOL A)
23 (TERMİNAL 1 YANYOL A)
24 (KARGO A)
72 A (CEBECİ)
73 A (HASDAL A)
21 (TERMİNAL B)
71 A1 (HABİPLER A)
71 A2 (HABİPLER YANYOL A )
71 B2 (HABİPLER YANYOL B)22 (TERMİNAL 2 YANYOL B)
23 (TERMİNAL 1 YANYOL B)
24 (KARGO B)
72 B (CEBECİ)
73 B (HASDAL B)


====================
FILE: 15-KMOAnadoluKurtkoy-Akyazi.pdf
====================
KURNAKÖY 2 İSTANBULPARK BALÇIK MERMERCİLER SEVİNDİKLİ İLİMTEPE İZMİT KUZEY İZMİT DOĞU AKMEŞE ADAPAZARI-1 ADAPAZARI-2 KARASU KMO AKYAZI TEM AKYAZI
1 510,00 55,00 90,00 100,00 190,00 190,00 265,00 265,00 350,00 410,00 410,00 415,00 475,00 510,00
2 795,00 90,00 100,00 165,00 265,00 265,00 415,00 415,00 535,00 615,00 635,00 670,00 740,00 795,00
3 930,00 90,00 140,00 190,00 315,00 315,00 510,00 510,00 635,00 720,00 740,00 795,00 885,00 930,00
4 1210,00 100,00 190,00 250,00 415,00 415,00 670,00 670,00 840,00 945,00 985,00 1055,00 1150,00 1210,00
5 1525,00 140,00 220,00 295,00 535,00 535,00 840,00 840,00 1055,00 1200,00 1210,00 1320,00 1425,00 1525,00
6 350,00 55,00 55,00 90,00 140,00 140,00 190,00 190,00 250,00 265,00 295,00 295,00 315,00 350,00
1 55,00 475,00 55,00 90,00 165,00 165,00 250,00 250,00 315,00 365,00 365,00 410,00 450,00 475,00
2 90,00 740,00 90,00 140,00 250,00 250,00 410,00 410,00 510,00 575,00 575,00 635,00 680,00 740,00
3 90,00 885,00 100,00 165,00 265,00 265,00 475,00 475,00 615,00 680,00 680,00 740,00 830,00 885,00
4 100,00 1155,00 140,00 190,00 365,00 365,00 615,00 615,00 795,00 890,00 930,00 1010,00 1085,00 1155,00
5 140,00 1475,00 165,00 250,00 450,00 450,00 765,00 765,00 1010,00 1150,00 1155,00 1250,00 1375,00 1475,00
6 55,00 350,00 55,00 55,00 100,00 100,00 190,00 190,00 250,00 265,00 265,00 295,00 315,00 350,00
1 90,00 55,00 450,00 90,00 140,00 140,00 250,00 250,00 315,00 365,00 365,00 410,00 415,00 475,00
2 140,00 90,00 740,00 100,00 220,00 220,00 365,00 365,00 510,00 570,00 575,00 615,00 680,00 740,00
3 140,00 100,00 885,00 140,00 265,00 265,00 450,00 450,00 575,00 670,00 680,00 740,00 795,00 885,00
4 190,00 140,00 1150,00 165,00 350,00 350,00 575,00 575,00 765,00 885,00 890,00 945,00 1055,00 1150,00
5 250,00 165,00 1425,00 220,00 415,00 415,00 740,00 740,00 945,00 1110,00 1150,00 1210,00 1345,00 1460,00
6 55,00 55,00 315,00 55,00 100,00 100,00 190,00 190,00 220,00 250,00 265,00 265,00 295,00 315,00
1 100,00 90,00 90,00 415,00 100,00 100,00 220,00 220,00 265,00 315,00 315,00 350,00 410,00 415,00
2 165,00 140,00 100,00 670,00 165,00 165,00 315,00 315,00 415,00 510,00 510,00 570,00 615,00 670,00
3 190,00 165,00 140,00 795,00 190,00 190,00 365,00 365,00 510,00 575,00 615,00 670,00 740,00 795,00
4 250,00 190,00 165,00 1055,00 250,00 250,00 510,00 510,00 670,00 765,00 795,00 885,00 945,00 1055,00
5 295,00 250,00 220,00 1320,00 295,00 295,00 615,00 615,00 840,00 985,00 1010,00 1085,00 1210,00 1320,00
6 90,00 55,00 55,00 295,00 90,00 90,00 165,00 165,00 190,00 220,00 250,00 250,00 265,00 295,00
1 165,00 165,00 140,00 100,00 350,00 0,00 140,00 140,00 220,00 250,00 265,00 295,00 315,00 365,00
2 265,00 250,00 220,00 165,00 570,00 0,00 220,00 220,00 315,00 410,00 410,00 450,00 510,00 570,00
3 315,00 265,00 250,00 190,00 670,00 0,00 250,00 250,00 365,00 450,00 475,00 535,00 615,00 670,00
4 410,00 350,00 315,00 250,00 840,00 0,00 315,00 315,00 510,00 615,00 615,00 680,00 795,00 885,00
5 510,00 450,00 410,00 295,00 1085,00 0,00 410,00 410,00 615,00 765,00 795,00 885,00 1010,00 1110,00
6 140,00 100,00 100,00 90,00 250,00 0,00 100,00 100,00 165,00 190,00 190,00 220,00 250,00 250,00
1 190,00 165,00 140,00 100,00 0,00 365,00 140,00 140,00 220,00 250,00 250,00 295,00 315,00 350,00
2 265,00 250,00 220,00 165,00 0,00 570,00 220,00 220,00 315,00 410,00 410,00 450,00 510,00 570,00
3 315,00 295,00 265,00 190,00 0,00 670,00 250,00 250,00 365,00 450,00 475,00 535,00 615,00 670,00
4 415,00 365,00 350,00 250,00 0,00 885,00 315,00 315,00 475,00 615,00 615,00 680,00 795,00 885,00
5 535,00 475,00 415,00 315,00 0,00 1110,00 410,00 410,00 615,00 740,00 765,00 885,00 1010,00 1085,00
6 140,00 100,00 100,00 90,00 0,00 265,00 100,00 100,00 140,00 190,00 190,00 220,00 250,00 250,00
1 265,00 250,00 250,00 220,00 140,00 140,00 265,00 55,00 100,00 165,00 165,00 190,00 250,00 265,00
2 415,00 410,00 365,00 315,00 220,00 220,00 415,00 55,00 165,00 250,00 250,00 295,00 365,00 415,00
3 510,00 475,00 450,00 365,00 250,00 250,00 510,00 90,00 220,00 295,00 295,00 350,00 415,00 475,00
4 670,00 615,00 575,00 510,00 315,00 315,00 670,00 90,00 265,00 365,00 410,00 450,00 570,00 635,00
5 840,00 765,00 740,00 635,00 410,00 415,00 840,00 100,00 315,00 475,00 510,00 575,00 720,00 795,00
6 190,00 190,00 190,00 165,00 100,00 100,00 190,00 40,00 90,00 100,00 100,00 140,00 165,00 190,00
1 265,00 250,00 250,00 220,00 140,00 140,00 55,00 265,00 100,00 140,00 165,00 190,00 220,00 250,00
2 415,00 410,00 365,00 315,00 220,00 220,00 90,00 415,00 165,00 220,00 250,00 295,00 350,00 410,00
3 510,00 475,00 450,00 365,00 250,00 265,00 90,00 510,00 165,00 265,00 265,00 315,00 410,00 475,00
4 670,00 615,00 575,00 510,00 315,00 315,00 100,00 670,00 220,00 350,00 365,00 415,00 535,00 615,00
5 840,00 765,00 740,00 635,00 410,00 415,00 140,00 840,00 265,00 415,00 450,00 570,00 670,00 765,00
6 190,00 190,00 190,00 165,00 100,00 100,00 40,00 190,00 90,00 100,00 100,00 140,00 165,00 190,00
1 350,00 315,00 315,00 265,00 190,00 220,00 100,00 100,00 350,00 90,00 90,00 100,00 165,00 190,00
2 535,00 510,00 475,00 415,00 315,00 315,00 190,00 140,00 535,00 100,00 140,00 165,00 250,00 265,00
3 635,00 575,00 575,00 510,00 365,00 365,00 220,00 165,00 635,00 140,00 140,00 190,00 265,00 315,00
4 840,00 795,00 765,00 670,00 475,00 510,00 265,00 220,00 840,00 165,00 190,00 250,00 350,00 415,00
5 1055,00 985,00 945,00 840,00 615,00 635,00 350,00 265,00 1055,00 220,00 220,00 315,00 450,00 535,00
6 250,00 250,00 220,00 190,00 140,00 165,00 90,00 90,00 250,00 55,00 55,00 90,00 100,00 140,00
1 410,00 365,00 365,00 315,00 250,00 250,00 165,00 140,00 90,00 410,00 40,00 55,00 100,00 140,00
2 615,00 575,00 570,00 510,00 410,00 410,00 250,00 220,00 100,00 615,00 55,00 90,00 165,00 220,00
3 720,00 680,00 670,00 575,00 450,00 475,00 295,00 265,00 140,00 720,00 55,00 100,00 190,00 250,00
4 945,00 890,00 885,00 795,00 575,00 615,00 410,00 350,00 165,00 945,00 55,00 140,00 250,00 315,00
5 1210,00 1150,00 1110,00 985,00 740,00 765,00 475,00 415,00 190,00 1200,00 90,00 165,00 295,00 410,00
6 265,00 265,00 250,00 250,00 190,00 190,00 100,00 100,00 55,00 265,00 40,00 55,00 90,00 100,00
1 410,00 365,00 350,00 315,00 250,00 250,00 165,00 140,00 55,00 40,00 410,00 55,00 100,00 140,00
2 615,00 575,00 570,00 510,00 365,00 410,00 250,00 220,00 100,00 55,00 635,00 100,00 165,00 220,00
3 720,00 680,00 670,00 575,00 450,00 450,00 295,00 250,00 100,00 55,00 740,00 100,00 190,00 250,00
4 945,00 890,00 885,00 765,00 575,00 615,00 365,00 315,00 140,00 55,00 985,00 140,00 250,00 315,00
5 1200,00 1110,00 1085,00 985,00 740,00 765,00 475,00 410,00 190,00 90,00 1210,00 190,00 295,00 410,00
6 265,00 265,00 250,00 220,00 165,00 190,00 100,00 100,00 55,00 40,00 295,00 55,00 90,00 100,00
1 415,00 410,00 410,00 350,00 265,00 295,00 190,00 190,00 100,00 90,00 55,00 415,00 90,00 100,00
2 670,00 635,00 615,00 570,00 450,00 450,00 295,00 265,00 165,00 100,00 100,00 670,00 100,00 165,00
3 795,00 740,00 740,00 670,00 510,00 535,00 365,00 315,00 190,00 140,00 100,00 795,00 140,00 190,00
4 1055,00 985,00 945,00 885,00 680,00 720,00 475,00 415,00 250,00 165,00 140,00 1055,00 190,00 265,00
5 1320,00 1250,00 1210,00 1085,00 840,00 885,00 575,00 535,00 295,00 190,00 165,00 1320,00 220,00 315,00
6 295,00 295,00 265,00 250,00 190,00 220,00 140,00 140,00 90,00 55,00 55,00 295,00 55,00 90,00
1 475,00 450,00 415,00 410,00 315,00 315,00 250,00 220,00 140,00 100,00 100,00 90,00 475,00 55,00
2 740,00 680,00 680,00 615,00 510,00 535,00 365,00 350,00 220,00 165,00 165,00 100,00 740,00 90,00
3 885,00 830,00 795,00 740,00 575,00 615,00 450,00 410,00 265,00 220,00 190,00 140,00 885,00 100,00
4 1150,00 1085,00 1055,00 985,00 795,00 795,00 575,00 535,00 350,00 265,00 250,00 165,00 1150,00 140,00
5 1460,00 1375,00 1345,00 1210,00 985,00 1010,00 720,00 670,00 415,00 315,00 295,00 220,00 1425,00 165,00
6 315,00 315,00 295,00 265,00 250,00 250,00 165,00 165,00 100,00 90,00 90,00 55,00 315,00 55,00
1 510,00 475,00 450,00 415,00 350,00 365,00 265,00 250,00 190,00 140,00 140,00 100,00 55,00 510,00
2 795,00 740,00 740,00 670,00 570,00 570,00 415,00 410,00 265,00 220,00 220,00 165,00 90,00 795,00
3 930,00 885,00 885,00 795,00 670,00 670,00 510,00 450,00 315,00 265,00 250,00 190,00 100,00 930,00
4 1210,00 1155,00 1150,00 1055,00 840,00 885,00 635,00 615,00 415,00 350,00 315,00 250,00 140,00 1210,00
5 1525,00 1475,00 1425,00 1320,00 1085,00 1110,00 830,00 765,00 535,00 415,00 410,00 295,00 165,00 1525,00
6 350,00 350,00 315,00 295,00 250,00 265,00 190,00 190,00 140,00 100,00 100,00 90,00 55,00 350,00
SGS                                                                  YÖNÜ YÖN 1 2 3 4 5 6
22,00 35,00 41,00 53,50 67,00 14,00
14,00 25,00 26,50 36,50 47,50 10,00
D100                                                                   14,00 22,00 25,00 29,50 36,50 10,00
16,50 26,50 29,50 41,00 51,00 10,00
22,00 29,50 36,50 47,50 61,50 14,00
14,00 22,00 25,00 35,00 41,00 10,00
10,00 16,50 22,00 26,50 35,00 9,00
16,50 25,00 29,50 41,00 51,00 10,00
Ücretler 01/01/2026 saat 00:00 'dan itibaren geçerlidir.ADAPAZARI-2                                 KUZEY MARMARA ANADOLU OTOYOLU (KURTKÖY-AKYAZI)
2026 YILI ÜCRET TARİFESİ
İSTASYON SINIFÇIKIŞ GİŞELERİGİRİŞ GİŞELERİKURNAKÖY 2
İSTANBULPARK
BALÇIK
MERMECİLER
SEVİNDİKLİ 
İLİMTEPE
İZMİT KUZEY             
İZMİT DOĞU              
AKMEŞE                     
ADAPAZARI-1                              
DEMİRCİLER                                                 B (Güney-Kuzey)KARASU                            
KMO AKYAZI                   
TEM AKYAZI                      
MERMERCİLER                                             A (Kuzey-Güney)
DEMİRCİLER                                                   A (Kuzey-Güney)
A (Kuzey-Güney)
İZMİT OSB                                                     A (Kuzey-Güney)
MERMERCİLER                                             B (Güney-Kuzey)
* Giriş bilgisi bulunamaması halinde; en uzak mesafe ücreti uygulanır.
* SGS: Serbest Geçiş SistemiD100                                                           B (Güney-Kuzey)
İZMİT OSB                                                  B (Güney-Kuzey)
AÇIKLAMALAR:
* Ücretlere KDV dahildir
